    0.787137
    0.739359
    0.713879
    0.668559
    0.652061
    0.652061
    0.574446
    0.400154
    0.274344
    0.115946
   0.0931222
   0.0744064
   0.0644226
   0.0550381
   0.0502121
   0.0445907
   0.0489843
   0.0605144
   0.0646433
   0.0772082
   0.0718625
   0.0858106
    0.099671
    0.110342
    0.111639
    0.133955
    0.146749
    0.159064
    0.171135
     0.18447
    0.195721
    0.207684
    0.214201
    0.222361
    0.229388
    0.261468
    0.333788
    0.333788
     0.34762
    0.405627
    0.422761
    0.643652
    0.829707
     0.90894
     1.01516
     1.06699
     1.19051
     1.31638
     1.35936
      1.3705
     1.34143
     1.32957
      1.2426
     1.26853
     1.12206
     1.04559
    0.858977
     0.72325
    0.527221
    0.380689
    0.280335
     0.15062
    0.212805
    0.208674
    0.227692
    0.232678
    0.238607
    0.221307
    0.218926
    0.191654
    0.178722
    0.158712
    0.145478
    0.150629
    0.145478
    0.114322
    0.103189
   0.0803177
   0.0761799
   0.0663247
   0.0629693
    0.055285
   0.0525231
   0.0410512
   0.0267355
   0.0249209
   0.0277202
   0.0285436
   0.0271104
   0.0270141
   0.0351162
   0.0436646
   0.0433862
   0.0439367
   0.0592854
   0.0624956
   0.0659059
   0.0762608
   0.0800515
   0.0785769
   0.0762914
   0.0860884
   0.0927391
   0.0808562
   0.0765487
   0.0696726
   0.0588858
   0.0673725
    0.066533
   0.0569083
   0.0673765
   0.0709213
   0.0883575
   0.0986345
   0.0967035
    0.119601
     0.14954
    0.155474
    0.156661
    0.153527
    0.143409
    0.133279
    0.133247
    0.130584
    0.109211
    0.105303
   0.0675429
   0.0686323
   0.0448159
   0.0472418
   0.0420101
   0.0417877
   0.0444299
   0.0388568
   0.0343735
    0.045015
   0.0511023
   0.0680155
   0.0543052
   0.0709546
   0.0878345
   0.0878345
    0.107008
    0.103448
    0.109518
    0.117069
    0.128067
    0.142389
    0.126081
    0.140097
    0.152581
    0.149464
    0.143918
    0.159511
    0.161806
    0.160472
    0.153949
    0.144185
    0.119156
    0.103352
   0.0793212
   0.0841665
   0.0800733
   0.0629839
   0.0624019
   0.0583833
   0.0534322
   0.0475432
   0.0446123
    0.042091
   0.0385413
   0.0389936
   0.0368211
   0.0357194
   0.0316343
   0.0406912
   0.0376135
   0.0406818
   0.0350056
   0.0284535
   0.0269445
   0.0201146
   0.0206745
   0.0208124
   0.0216542
   0.0216851
   0.0218535
   0.0244815
   0.0248023
   0.0259573
   0.0304732
   0.0334653
   0.0331513
   0.0393546
   0.0425628
   0.0469716
   0.0505452
   0.0542434
   0.0564232
   0.0538921
    0.050915
   0.0467648
   0.0382941
   0.0306147
   0.0249952
   0.0238478
   0.0254682
   0.0248559
   0.0347207
   0.0383485
   0.0401614
   0.0451985
   0.0476969
   0.0577561
   0.0578765
   0.0560306
   0.0728685
   0.0808032
   0.0885722
   0.0915374
    0.104411
    0.120023
     0.13128
    0.134139
    0.161287
    0.166708
    0.183703
    0.203466
    0.212225
    0.245998
    0.204136
    0.316622
    0.316622
    0.376058
    0.367398
    0.374131
    0.344668
    0.299736
     0.26391
    0.198247
     0.22336
    0.219747
    0.224962
    0.225726
    0.223902
    0.227762
    0.226159
    0.203303
    0.225795
    0.222475
    0.219061
     0.20556
    0.204524
    0.201992
    0.144891
    0.102183
    0.139296
    0.151891
    0.151238
    0.165004
    0.156279
    0.171295
    0.173224
    0.178864
    0.188394
    0.191588
    0.156572
    0.205657
    0.215827
    0.206721
      0.2394
    0.260114
    0.275366
    0.291203
     0.31049
    0.326892
    0.341347
     0.35552
     0.37036
    0.379321
    0.391775
    0.399031
    0.416457
    0.435444
    0.452774
    0.449458
    0.425428
    0.408423
    0.393114
    0.407745
    0.453762
    0.555003
     0.54053
    0.527561
    0.487615
     0.46753
    0.419627
    0.405371
    0.341658
    0.299884
    0.189622
    0.155095
    0.124689
     0.13789
    0.111314
   0.0909873
   0.0589552
   0.0680555
   0.0694634
   0.0660098
   0.0627385
   0.0703284
   0.0724477
   0.0733362
   0.0762593
    0.083466
   0.0937431
   0.0878587
    0.096591
    0.100314
   0.0962148
    0.111081
    0.115321
    0.125151
    0.119468
    0.123623
    0.114254
    0.121317
    0.130191
    0.129775
    0.141454
    0.137844
    0.128806
    0.126391
    0.121463
    0.117032
    0.103193
   0.0985773
    0.105266
    0.103441
   0.0953561
   0.0926987
   0.0867944
   0.0826639
   0.0676285
   0.0635295
   0.0584339
   0.0568523
   0.0568523
   0.0552088
   0.0512853
   0.0526025
    0.054163
   0.0574079
   0.0490482
   0.0540377
   0.0560927
   0.0579034
   0.0503318
   0.0557795
   0.0560697
   0.0553308
   0.0542082
   0.0581818
   0.0612442
   0.0586899
    0.059108
   0.0566588
   0.0625318
   0.0654962
   0.0698703
   0.0696601
   0.0802595
    0.100713
    0.141917
    0.152108
    0.186115
    0.187336
    0.190056
    0.190056
    0.201263
    0.197405
    0.189035
    0.165621
    0.149807
    0.150712
    0.143345
    0.124952
    0.121727
   0.0761606
   0.0761606
   0.0556036
   0.0527565
   0.0454281
   0.0431182
   0.0429282
   0.0379273
   0.0377535
   0.0396785
   0.0364492
   0.0340459
   0.0465775
   0.0491903
   0.0341313
   0.0381967
   0.0282379
   0.0248846
   0.0241721
   0.0244781
   0.0247786
   0.0232253
   0.0240431
    0.028298
   0.0313563
   0.0332657
   0.0382929
   0.0448756
   0.0477135
   0.0479625
   0.0551337
   0.0653321
   0.0641293
   0.0650539
   0.0693202
   0.0777181
   0.0722069
   0.0678179
   0.0581689
   0.0370724
   0.0308843
    0.033767
   0.0326391
   0.0295306
   0.0270505
   0.0298074
   0.0311941
   0.0287122
   0.0385472
   0.0361427
    0.033167
   0.0330231
   0.0470572
   0.0408719
   0.0368431
    0.041836
   0.0452964
     0.04114
   0.0430363
   0.0535341
   0.0513635
   0.0468352
   0.0851976
    0.177934
    0.182288
    0.203437
    0.204876
    0.205807
    0.210459
    0.193128
    0.215671
    0.213897
    0.218482
    0.218953
    0.218055
    0.211041
    0.194198
    0.178894
    0.156489
    0.156351
    0.136679
     0.13349
    0.124908
    0.109128
    0.121635
    0.117009
   0.0965109
    0.103525
    0.100947
   0.0885882
   0.0755851
    0.100773
    0.102765
   0.0966912
    0.100946
    0.116906
    0.121897
    0.114282
    0.133339
    0.140128
    0.145082
    0.148419
    0.150694
     0.15741
    0.158651
    0.150069
    0.156731
     0.16505
     0.15011
    0.100203
   0.0959227
   0.0863711
    0.085566
   0.0804933
   0.0828789
   0.0983068
    0.103307
   0.0986725
