   0.0847668
   0.0775414
   0.0665358
   0.0597646
   0.0576484
   0.0477436
   0.0511509
   0.0557986
   0.0499181
   0.0560251
   0.0614231
   0.0651013
   0.0641439
   0.0708224
   0.0767469
   0.0799915
   0.0813964
   0.0901694
   0.0916724
   0.0887533
   0.0909852
    0.102378
    0.105134
    0.105072
    0.107244
    0.116352
    0.123082
    0.125364
    0.151445
    0.164599
    0.210742
    0.197664
    0.238765
    0.244836
    0.240148
    0.229896
    0.218291
    0.192591
    0.177077
    0.146408
    0.104546
   0.0904625
   0.0833109
   0.0697203
   0.0685651
   0.0649958
   0.0609163
   0.0591634
    0.059962
   0.0571355
   0.0542332
   0.0495166
   0.0472463
   0.0445623
   0.0390196
   0.0317227
   0.0298209
   0.0169568
   0.0197198
   0.0188808
   0.0148266
   0.0117832
   0.0112172
   0.0125153
   0.0153612
   0.0188597
   0.0148533
   0.0141359
   0.0185851
   0.0212994
   0.0214943
   0.0252562
   0.0289291
   0.0283848
   0.0287691
   0.0381722
   0.0390946
   0.0356902
   0.0438438
   0.0489733
   0.0519869
   0.0463568
   0.0567998
   0.0583612
   0.0606072
   0.0642661
   0.0702167
   0.0781044
   0.0769184
   0.0814588
   0.0859377
   0.0892356
   0.0933177
   0.0962785
    0.100073
    0.102135
    0.105312
    0.112556
    0.115997
    0.116576
    0.108811
    0.106264
    0.101173
   0.0983548
    0.098753
    0.096733
   0.0925411
   0.0893354
    0.085725
   0.0861313
   0.0782702
   0.0754487
   0.0756239
   0.0701976
   0.0513201
   0.0709565
   0.0836965
   0.0862291
   0.0803601
   0.0862068
   0.0916627
   0.0926233
   0.0913174
   0.0931989
   0.0987639
    0.103625
    0.106871
    0.107513
    0.113272
    0.117487
     0.11772
    0.122015
    0.124638
    0.126925
    0.126706
     0.13047
    0.128738
    0.125444
    0.118923
     0.11452
    0.114291
    0.110444
    0.106524
    0.103462
   0.0993262
    0.096018
   0.0932477
    0.089287
   0.0863225
   0.0815252
    0.082641
   0.0824504
   0.0775614
   0.0751764
   0.0665439
   0.0695619
   0.0624753
   0.0597601
   0.0485805
   0.0420326
   0.0343244
   0.0279763
   0.0330914
   0.0329879
   0.0279871
   0.0291763
   0.0337112
   0.0357943
   0.0308923
   0.0339368
   0.0425544
   0.0432224
   0.0436162
   0.0486817
   0.0515977
   0.0523532
   0.0544823
   0.0575401
   0.0560435
   0.0574006
   0.0565783
   0.0535655
   0.0488882
   0.0463928
   0.0416955
   0.0396667
   0.0447872
   0.0513251
   0.0558927
   0.0554107
    0.060961
   0.0624313
   0.0628566
   0.0644081
   0.0681638
   0.0704845
   0.0711616
   0.0763009
   0.0793884
   0.0821099
   0.0867636
   0.0889956
   0.0907438
   0.0933095
    0.098372
    0.102265
    0.103067
    0.110236
    0.113615
    0.114484
    0.121457
    0.124243
    0.126895
    0.134652
    0.137375
    0.137739
    0.144883
    0.167845
    0.308741
    0.509479
    0.633949
    0.853931
    0.845125
     0.86857
    0.813399
    0.728294
    0.607866
    0.472464
    0.337749
    0.217606
    0.133132
   0.0952986
   0.0942575
   0.0983676
    0.100785
       0.092
   0.0967643
    0.101684
    0.102231
   0.0931793
    0.104835
    0.106164
    0.102981
     0.10451
    0.113102
    0.116912
    0.109059
    0.120159
    0.123035
    0.123666
    0.123725
    0.126268
      0.1276
    0.118007
    0.117611
    0.128574
    0.130311
    0.134021
    0.125891
    0.112235
   0.0900859
    0.094508
    0.106218
     0.12024
    0.136694
     0.14368
    0.140633
    0.131767
    0.126554
    0.116574
    0.106855
    0.103697
   0.0889389
   0.0656055
     0.06905
   0.0638838
   0.0482797
   0.0479439
   0.0471426
   0.0346404
   0.0391412
   0.0441195
   0.0446114
   0.0422256
   0.0469921
   0.0553268
    0.049776
   0.0504328
   0.0581953
    0.068956
   0.0584369
   0.0593434
   0.0699168
    0.071853
   0.0671565
   0.0684319
   0.0756445
   0.0766852
   0.0692024
   0.0665894
   0.0566708
   0.0600293
   0.0492385
   0.0461557
   0.0352105
   0.0426771
   0.0402405
   0.0324012
   0.0329773
   0.0330193
   0.0298016
   0.0240933
   0.0262309
   0.0247676
   0.0229265
   0.0222829
    0.023354
   0.0220007
   0.0220202
   0.0235549
   0.0230818
   0.0236208
   0.0241852
    0.026532
     0.02253
   0.0242976
   0.0310289
   0.0280888
   0.0251418
   0.0307558
   0.0376957
   0.0371346
   0.0378444
   0.0459636
   0.0515415
   0.0522325
   0.0545404
   0.0678672
   0.0663155
   0.0665827
   0.0600176
   0.0665799
   0.0781922
   0.0762184
   0.0759807
   0.0852399
   0.0867754
   0.0879351
   0.0876058
   0.0971868
    0.100495
    0.103537
    0.105669
    0.108552
    0.110234
    0.110386
    0.109182
    0.110617
     0.11116
    0.112681
    0.108157
    0.106545
   0.0979427
    0.104688
    0.100439
   0.0952972
   0.0923837
   0.0937162
   0.0940354
   0.0899793
   0.0896648
   0.0921754
   0.0908696
   0.0885795
   0.0908536
   0.0926221
   0.0839884
   0.0848174
   0.0564826
   0.0540671
    0.044099
   0.0473633
   0.0469105
   0.0445993
   0.0393158
   0.0467406
   0.0486499
    0.047604
   0.0499205
   0.0549161
   0.0581966
   0.0579942
   0.0603094
   0.0719815
   0.0677974
   0.0671614
   0.0729255
   0.0737803
   0.0710269
   0.0679406
   0.0663595
   0.0604381
   0.0614732
   0.0675871
   0.0700125
   0.0713444
   0.0695903
    0.083684
   0.0819133
   0.0778697
   0.0872998
   0.0871266
   0.0799559
   0.0799093
   0.0870873
    0.090042
   0.0913671
   0.0947225
    0.115122
    0.110437
    0.137549
      0.1206
    0.136176
    0.185769
    0.215195
    0.208261
    0.238854
    0.245537
    0.245536
    0.253364
    0.262779
    0.232029
    0.246126
    0.283099
    0.287338
     0.30232
    0.299419
    0.307993
    0.301805
    0.281975
    0.235404
    0.205844
     0.19977
      0.2029
    0.185321
    0.164919
    0.168054
    0.163892
    0.127423
    0.123602
    0.108813
   0.0984131
    0.101667
    0.103077
    0.101907
   0.0952062
   0.0988899
    0.105041
    0.106981
    0.106475
    0.111484
    0.115849
    0.118419
    0.116403
      0.1234
    0.125491
    0.125185
    0.124492
    0.127789
    0.128205
     0.12876
    0.109009
   0.0790574
   0.0637068
   0.0581137
   0.0554789
    0.033151
   0.0331886
   0.0304491
   0.0348411
   0.0352147
   0.0425039
   0.0420111
   0.0452823
   0.0506557
   0.0550175
   0.0544705
   0.0609308
   0.0656737
   0.0714453
   0.0745527
   0.0823516
   0.0865329
   0.0821322
   0.0839914
   0.0945006
   0.0974872
   0.0951878
    0.101437
    0.104961
    0.107416
    0.106711
    0.113383
    0.133073
    0.157324
    0.153332
    0.159408
     0.17729
    0.174846
     0.17221
    0.163351
    0.147856
    0.131326
    0.112631
   0.0931291
   0.0869867
   0.0735652
   0.0649115
   0.0674122
   0.0645411
   0.0714688
   0.0665301
   0.0613998
     0.06141
   0.0633151
   0.0550442
   0.0510994
   0.0487103
    0.049079
   0.0339642
   0.0317475
    0.017005
   0.0185272
   0.0194846
   0.0160174
    0.011772
   0.0116462
   0.0133889
   0.0146562
   0.0189953
   0.0154217
   0.0148473
   0.0182382
   0.0209056
   0.0213529
   0.0234653
   0.0283954
   0.0277112
   0.0298705
   0.0372628
   0.0391871
   0.0358514
   0.0431832
   0.0489983
   0.0461141
   0.0448044
   0.0561701
   0.0515985
   0.0544184
   0.0546913
   0.0599553
   0.0604332
   0.0631363
   0.0687593
   0.0683768
   0.0716101
   0.0742685
   0.0777921
   0.0858133
   0.0859027
    0.088976
    0.089889
   0.0840699
   0.0867297
   0.0895304
   0.0839911
   0.0792694
   0.0846018
   0.0786769
   0.0731704
   0.0772138
    0.072612
   0.0645994
   0.0702833
   0.0771184
   0.0860264
   0.0826199
   0.0884048
   0.0948247
   0.0963784
   0.0945661
    0.100766
    0.105878
    0.111541
    0.124966
    0.129172
    0.143326
    0.155967
    0.159632
    0.164794
    0.171624
    0.182501
    0.188191
    0.200795
    0.178944
    0.164975
    0.153399
    0.141705
    0.138412
    0.135266
    0.123401
    0.117168
     0.10901
    0.101889
   0.0992858
   0.0921683
   0.0885117
   0.0832267
    0.084484
   0.0829096
    0.077384
   0.0757832
   0.0662494
   0.0704041
   0.0635964
   0.0611223
   0.0499355
   0.0440074
   0.0347927
   0.0268262
   0.0329942
   0.0329451
   0.0278066
   0.0287888
   0.0348945
    0.035574
   0.0305765
   0.0358529
   0.0418939
    0.042958
   0.0434361
   0.0489777
   0.0515462
   0.0517353
   0.0565677
   0.0582803
   0.0547257
    0.055209
   0.0528042
   0.0498022
   0.0460911
   0.0437865
   0.0437027
   0.0400401
   0.0492791
   0.0522233
   0.0592939
   0.0577295
   0.0637635
   0.0652001
   0.0654138
   0.0669842
   0.0710608
   0.0747038
    0.073021
   0.0786067
   0.0817726
   0.0839179
   0.0873991
   0.0926266
   0.0951047
   0.0986939
    0.104447
    0.114254
    0.122958
    0.128263
    0.133865
    0.140806
    0.147025
    0.148087
    0.155089
    0.163153
     0.16672
    0.169475
    0.191739
    0.255643
    0.255643
    0.268058
    0.255511
    0.243088
    0.226066
    0.215164
    0.197989
    0.193273
    0.157924
    0.127814
    0.138497
    0.139004
    0.138722
    0.142497
    0.131032
    0.137438
    0.137559
    0.119602
    0.135144
     0.13511
    0.133302
    0.124673
    0.131962
    0.130729
    0.121054
    0.120008
    0.126762
    0.125123
    0.114673
    0.123748
    0.121938
     0.11887
    0.114916
    0.110113
    0.107366
   0.0982698
   0.0930808
    0.106852
    0.107366
    0.109093
    0.102263
   0.0976075
   0.0722287
    0.078823
    0.086391
   0.0918591
    0.105504
    0.109844
     0.10644
    0.102104
   0.0910508
   0.0893745
   0.0722125
   0.0823233
   0.0760532
   0.0643342
   0.0662885
   0.0560927
   0.0516804
    0.046507
   0.0467057
   0.0355518
   0.0388296
   0.0440272
   0.0446274
   0.0422755
   0.0469986
   0.0563152
   0.0500853
   0.0508848
   0.0589754
   0.0687618
   0.0592006
   0.0623459
   0.0712688
   0.0768318
    0.072875
   0.0742322
   0.0851915
    0.089895
    0.078263
   0.0741413
    0.066166
   0.0699402
   0.0629305
    0.058764
   0.0524396
   0.0531529
   0.0477937
   0.0416959
   0.0404622
   0.0375219
   0.0319195
   0.0281735
   0.0298296
   0.0272531
   0.0251396
   0.0239638
   0.0252664
   0.0229882
    0.021471
   0.0225161
   0.0229372
   0.0235481
   0.0247333
   0.0260115
   0.0234263
   0.0252897
   0.0308017
   0.0296056
   0.0266685
   0.0305375
   0.0393788
   0.0406916
   0.0408437
   0.0493853
    0.056769
   0.0576886
   0.0595736
   0.0689222
   0.0755807
   0.0738966
   0.0665284
   0.0735092
   0.0912294
   0.0845947
   0.0823731
   0.0962569
   0.0941988
   0.0923304
   0.0900179
   0.0991263
    0.100004
    0.100343
    0.101574
    0.103419
    0.101846
    0.098824
   0.0956882
   0.0941032
   0.0902983
   0.0999915
   0.0961351
   0.0961489
   0.0909261
   0.0976081
   0.0940641
   0.0904032
   0.0885786
   0.0905175
   0.0908539
   0.0874193
   0.0877885
   0.0900169
   0.0887567
   0.0863866
   0.0892651
   0.0915391
   0.0803036
   0.0787457
   0.0499204
   0.0481053
   0.0396663
   0.0369547
    0.042555
   0.0425852
   0.0379967
   0.0430814
    0.047508
   0.0471118
   0.0524283
   0.0562949
   0.0586773
   0.0580852
   0.0621495
   0.0739551
   0.0667425
   0.0676515
   0.0730957
   0.0733525
   0.0697711
   0.0676986
   0.0638262
   0.0594008
   0.0599424
   0.0654422
   0.0695203
   0.0643264
   0.0691281
   0.0798291
   0.0790651
   0.0755971
   0.0844859
   0.0852619
   0.0775215
   0.0795861
   0.0864011
   0.0911527
   0.0921745
   0.0957611
    0.118053
    0.111414
    0.148561
    0.138346
    0.146844
    0.211555
    0.247196
    0.238851
    0.278794
    0.288112
    0.293402
     0.29922
    0.317938
    0.276845
     0.33715
    0.343197
    0.351902
    0.372331
     0.36239
    0.366188
    0.347281
    0.322786
    0.257208
    0.212557
    0.205781
    0.210136
    0.189461
    0.167823
    0.170431
    0.157898
    0.130661
    0.126961
    0.116326
     0.10174
    0.103424
    0.104289
    0.102021
   0.0943991
   0.0962447
     0.10074
    0.101281
   0.0967016
     0.10287
    0.105656
    0.107046
    0.105024
    0.107904
    0.111678
    0.111037
    0.110242
    0.112261
    0.113382
    0.109263
    0.101097
   0.0858871
   0.0645786
   0.0607589
   0.0539225
