     0.98877
    0.828405
    0.712236
     0.47382
    0.370266
     0.23496
     0.24344
    0.209436
    0.152733
    0.159656
     0.16993
    0.160169
    0.142011
    0.154328
    0.150984
    0.148009
    0.147038
    0.150842
    0.150101
     0.14222
    0.153488
    0.154515
    0.151361
    0.149734
    0.157846
    0.160356
    0.162239
    0.159728
    0.192416
     0.22172
    0.330171
    0.304146
    0.410178
    0.428992
    0.414112
     0.38329
    0.349711
    0.282083
    0.246808
    0.185762
    0.129369
    0.126037
    0.147993
    0.156625
     0.18462
    0.194556
    0.213967
    0.217885
    0.196618
    0.203305
    0.212446
     0.20656
    0.193691
    0.200625
    0.189467
    0.166281
    0.161777
    0.127507
    0.126829
   0.0965874
   0.0892211
   0.0988274
   0.0802072
   0.0557815
   0.0304691
   0.0238254
   0.0285944
   0.0258111
   0.0242962
   0.0227202
   0.0273671
   0.0280667
    0.026978
   0.0296773
   0.0412597
   0.0377625
   0.0345023
   0.0488619
   0.0544039
   0.0438632
   0.0359687
   0.0510343
   0.0586464
   0.0424114
   0.0444516
   0.0392692
   0.0378934
   0.0504333
   0.0430337
   0.0424385
   0.0469036
   0.0502001
    0.053171
   0.0538887
   0.0589648
   0.0614092
   0.0633031
    0.071717
   0.0755267
   0.0763918
   0.0658506
   0.0627821
   0.0547835
   0.0515947
   0.0530528
     0.04983
   0.0441635
   0.0415409
   0.0384673
   0.0376514
   0.0297458
   0.0287046
   0.0293178
   0.0240463
   0.0159034
   0.0292871
   0.0411715
   0.0426903
   0.0387041
   0.0409388
   0.0473629
   0.0479401
   0.0470714
   0.0488102
   0.0525632
    0.056243
   0.0625069
   0.0623649
   0.0690604
   0.0752268
   0.0763563
   0.0812124
   0.0849096
   0.0886634
   0.0884518
    0.093562
   0.0900982
   0.0845049
   0.0759613
   0.0658262
   0.0692493
   0.0644574
   0.0594578
   0.0546617
    0.050592
   0.0470404
   0.0427942
   0.0364769
   0.0354713
   0.0311065
    0.029546
   0.0293898
    0.026462
   0.0247045
   0.0194514
   0.0224811
   0.0193975
   0.0186702
   0.0149108
   0.0136684
   0.0134256
   0.0182973
   0.0146506
   0.0171981
   0.0182561
   0.0201527
   0.0226065
   0.0231596
    0.025917
   0.0283424
   0.0316173
   0.0354515
   0.0387135
   0.0418914
   0.0462056
   0.0505426
    0.051363
   0.0560726
   0.0571473
   0.0610191
   0.0599817
   0.0510993
   0.0405082
   0.0260828
    0.022676
   0.0183313
   0.0208383
    0.019404
   0.0188014
   0.0187638
   0.0205644
   0.0203231
   0.0202097
   0.0213135
   0.0236771
   0.0247849
   0.0251068
   0.0293572
   0.0317626
   0.0326503
   0.0379804
   0.0404502
   0.0411621
   0.0432648
   0.0505105
   0.0552216
   0.0549675
   0.0651137
   0.0700574
   0.0712203
   0.0806804
    0.084315
   0.0876561
   0.0985364
    0.101558
    0.101684
    0.108112
    0.134709
    0.274116
    0.482167
    0.592577
    0.806441
    0.795083
    0.817947
    0.764516
    0.684663
    0.571864
    0.444287
    0.318402
    0.199064
    0.127027
    0.101851
    0.115221
    0.125872
    0.131345
    0.115316
    0.121873
     0.12999
    0.129242
    0.111353
     0.13003
    0.131687
    0.123003
    0.124634
    0.139628
    0.147115
    0.133105
    0.156584
    0.165289
    0.171966
     0.17804
    0.188909
    0.198032
     0.19891
    0.203962
    0.219968
    0.232038
    0.247109
    0.244442
    0.220261
    0.215557
    0.180973
    0.197215
    0.223716
    0.259198
    0.273872
    0.267209
    0.248079
    0.236613
    0.214608
    0.191797
    0.184653
    0.154933
    0.118059
    0.107595
   0.0935941
    0.056431
    0.056538
   0.0479307
   0.0238244
   0.0331019
   0.0367359
   0.0363124
   0.0352973
   0.0406785
   0.0483826
   0.0449264
   0.0482603
   0.0577826
   0.0711699
   0.0605857
   0.0702929
   0.0811745
   0.0824781
    0.086548
   0.0938847
   0.0970908
   0.0991527
    0.101206
   0.0957132
    0.103474
    0.107529
    0.118493
    0.116527
    0.114335
    0.107711
   0.0937206
    0.102259
    0.101145
   0.0827349
   0.0807222
   0.0963334
   0.0957919
   0.0822331
    0.094059
   0.0967312
   0.0974372
    0.088166
    0.086078
   0.0805661
   0.0774802
   0.0763824
   0.0766546
   0.0801167
   0.0661166
   0.0724982
   0.0808532
   0.0658028
   0.0696885
   0.0711421
   0.0729582
   0.0608641
   0.0693338
   0.0700148
   0.0668437
   0.0634036
   0.0725241
   0.0929848
   0.0734426
   0.0699221
   0.0575642
   0.0636709
   0.0767896
   0.0770729
   0.0760374
   0.0865579
    0.095551
   0.0980378
   0.0959856
    0.118187
    0.126388
     0.12971
     0.13437
     0.14452
    0.144716
    0.135086
    0.120566
   0.0916708
   0.0841218
   0.0818839
   0.0733142
   0.0697379
   0.0568311
   0.0671572
   0.0591067
   0.0517063
   0.0473638
   0.0478165
   0.0479044
   0.0425721
   0.0410182
   0.0437204
   0.0414201
   0.0381166
   0.0394404
   0.0411293
   0.0347265
   0.0349408
   0.0228889
   0.0219114
   0.0247356
   0.0266561
   0.0283484
   0.0292566
   0.0300691
    0.036517
     0.03856
   0.0382423
   0.0433619
   0.0472297
   0.0496613
   0.0436009
   0.0530367
   0.0662651
   0.0568791
   0.0514778
   0.0660667
    0.064803
   0.0558691
   0.0447397
   0.0346623
   0.0296875
   0.0230248
   0.0269058
   0.0282111
   0.0274129
   0.0251919
   0.0387299
   0.0353024
    0.030406
   0.0413426
   0.0393985
    0.031617
   0.0290101
   0.0374518
   0.0382823
   0.0374853
   0.0397328
   0.0601591
   0.0546063
   0.0809067
    0.065809
   0.0808175
    0.133241
    0.165082
    0.156944
    0.190869
     0.19815
    0.197836
     0.20592
    0.215943
    0.182759
    0.196215
    0.234698
    0.240242
    0.255692
    0.249953
    0.258721
    0.247703
    0.226231
    0.177761
    0.151188
    0.145265
    0.146948
    0.131006
    0.111211
    0.114869
    0.110965
   0.0748687
   0.0727172
   0.0621009
   0.0473635
   0.0547093
   0.0600969
   0.0617752
   0.0514993
   0.0601767
   0.0753981
   0.0815114
   0.0810341
   0.0919242
    0.104979
    0.111608
    0.105659
      0.1232
    0.128677
    0.128256
    0.123151
    0.129876
    0.135612
    0.136921
   0.0943918
    0.042888
    0.023979
     0.02205
   0.0216909
