   0.0279873
   0.0310981
    0.025263
   0.0204351
   0.0250595
   0.0234817
   0.0172063
   0.0166316
   0.0162821
   0.0137332
   0.0121872
   0.0119172
   0.0131271
  0.00884426
  0.00688361
  0.00585881
  0.00529102
  0.00506715
  0.00601945
  0.00620239
  0.00595432
    0.007139
  0.00882109
  0.00799209
  0.00900736
   0.0113483
   0.0137752
   0.0130243
   0.0143685
   0.0180634
   0.0167646
   0.0160268
   0.0190315
   0.0202576
   0.0215174
   0.0206444
   0.0213292
   0.0261035
   0.0248963
   0.0240245
   0.0248498
   0.0252225
   0.0296277
    0.043732
   0.0326729
   0.0488424
   0.0529286
   0.0689535
   0.0976512
   0.0976512
   0.0936584
   0.0936584
   0.0789729
   0.0789729
   0.0726897
   0.0655046
   0.0523023
   0.0410542
   0.0255652
   0.0205327
   0.0183324
   0.0181809
   0.0169015
   0.0163415
   0.0163472
   0.0174426
   0.0196101
   0.0146122
   0.0126333
   0.0134343
   0.0140733
   0.0101797
  0.00659203
   0.0081171
  0.00837715
    0.005794
  0.00357092
  0.00276273
  0.00279813
  0.00326021
  0.00228169
  0.00176746
  0.00190272
  0.00265209
  0.00251229
  0.00275383
  0.00215882
  0.00196051
  0.00264322
  0.00297423
  0.00263203
  0.00329407
  0.00433852
  0.00494671
  0.00557436
  0.00703817
   0.0068641
  0.00737804
   0.0100742
   0.0109084
  0.00897486
   0.0105523
   0.0138734
   0.0142861
   0.0140091
   0.0103707
   0.0107958
   0.0143694
   0.0125005
   0.0122597
   0.0135597
   0.0143519
   0.0144975
   0.0157955
   0.0161182
   0.0161999
   0.0164371
   0.0174253
   0.0183158
   0.0181091
   0.0163331
   0.0167594
   0.0165793
   0.0149107
   0.0149736
   0.0149099
   0.0134516
    0.012583
   0.0123364
    0.012079
   0.0105362
  0.00870877
   0.0100298
  0.00839143
  0.00677264
    0.007575
  0.00787145
   0.0102452
    0.010467
   0.0117486
   0.0134428
   0.0156003
   0.0151144
   0.0145194
   0.0160754
   0.0196032
   0.0180333
   0.0178971
   0.0207868
   0.0222654
   0.0202536
   0.0212453
   0.0245432
    0.023415
   0.0204334
   0.0213723
   0.0240324
   0.0242014
   0.0231251
   0.0226929
   0.0204179
   0.0188626
   0.0196428
   0.0171623
   0.0165224
   0.0144544
   0.0143096
   0.0127134
   0.0122406
   0.0112156
   0.0103036
   0.0103146
   0.0101375
  0.00838693
  0.00737976
  0.00732024
  0.00781096
  0.00747646
  0.00594141
  0.00527725
  0.00480031
  0.00400542
  0.00421544
  0.00424122
  0.00346548
  0.00334673
   0.0045464
  0.00448035
  0.00370612
  0.00438679
  0.00580502
  0.00543007
  0.00509098
  0.00716532
  0.00776858
  0.00743732
   0.0085556
   0.0113574
   0.0106001
  0.00791759
  0.00799767
     0.00742
  0.00549669
  0.00486791
   0.0043589
  0.00417782
  0.00481006
   0.0063418
  0.00631169
   0.0063341
  0.00843555
  0.00893701
  0.00732463
  0.00772886
  0.00893098
   0.0091191
  0.00958549
   0.0106465
   0.0114467
    0.011583
   0.0128437
   0.0139224
   0.0138831
   0.0148455
   0.0160285
    0.016157
   0.0170751
   0.0184521
   0.0190719
   0.0185795
   0.0215924
   0.0223263
   0.0222929
    0.025144
   0.0251808
   0.0271816
   0.0301672
   0.0284004
   0.0291937
   0.0272713
   0.0296877
   0.0289302
   0.0281442
   0.0263983
   0.0288188
   0.0290447
   0.0272421
   0.0249205
   0.0254752
   0.0250382
   0.0224046
   0.0220927
   0.0217851
   0.0184838
   0.0176206
   0.0180268
   0.0210169
   0.0240099
   0.0223122
   0.0187925
     0.02122
   0.0228548
   0.0202678
   0.0183653
   0.0222549
   0.0209666
   0.0192076
   0.0195815
   0.0205288
   0.0180137
   0.0166689
   0.0187457
   0.0182419
   0.0158316
   0.0174588
   0.0213197
   0.0245248
   0.0211686
   0.0303698
   0.0342423
    0.036591
   0.0378995
   0.0417964
   0.0448667
   0.0469165
   0.0483503
   0.0468422
   0.0361308
   0.0332415
   0.0373259
   0.0391675
   0.0365216
   0.0578936
   0.0506424
    0.047882
   0.0438678
   0.0363606
   0.0305931
   0.0248635
   0.0278789
   0.0184217
   0.0181363
   0.0102342
    0.007643
  0.00707723
  0.00614889
  0.00413631
  0.00555109
  0.00761115
  0.00508079
  0.00616295
  0.00860931
    0.011022
  0.00908614
   0.0102981
   0.0138801
   0.0153769
   0.0139272
   0.0156332
   0.0179078
   0.0178758
   0.0166279
   0.0179283
    0.020187
   0.0200435
   0.0198587
   0.0181586
   0.0153655
   0.0166382
   0.0139953
  0.00971833
  0.00752271
   0.0100542
   0.0110092
  0.00564827
  0.00628737
  0.00710661
  0.00551111
  0.00414333
   0.0045085
  0.00479826
  0.00350272
  0.00353828
   0.0037387
  0.00322688
  0.00385579
  0.00385499
  0.00315605
  0.00316138
  0.00343048
  0.00419009
  0.00335408
  0.00295418
  0.00465225
   0.0046517
   0.0034344
  0.00446859
  0.00616915
  0.00616947
  0.00591164
  0.00896114
  0.00881395
  0.00923785
   0.0112819
   0.0135563
   0.0128671
   0.0140596
   0.0104756
    0.013109
   0.0155668
   0.0123962
   0.0126288
   0.0159891
   0.0161783
   0.0141974
   0.0155904
   0.0172212
   0.0172229
   0.0181023
   0.0189663
   0.0213467
   0.0223997
   0.0237868
   0.0204811
   0.0212106
   0.0198772
   0.0200083
   0.0209463
   0.0187947
   0.0161646
   0.0164444
   0.0162441
   0.0120105
   0.0112225
   0.0108888
   0.0110459
  0.00912743
  0.00970069
   0.0100421
  0.00955423
  0.00914879
   0.0111033
   0.0109122
  0.00794511
  0.00804319
  0.00808127
  0.00614209
  0.00490917
   0.0049205
  0.00640478
   0.0060829
  0.00495432
  0.00550643
  0.00671164
  0.00680613
  0.00746346
  0.00875068
  0.00901473
   0.0093527
   0.0107098
   0.0124666
   0.0135903
   0.0125646
   0.0151684
   0.0157927
   0.0163275
   0.0145553
   0.0131118
  0.00979826
  0.00934152
   0.0119991
    0.010514
  0.00740413
  0.00814859
   0.0107857
  0.00835335
  0.00739867
  0.00936123
  0.00960753
  0.00851806
   0.0088928
   0.0100297
   0.0103094
  0.00975721
   0.0120952
   0.0131562
   0.0133832
   0.0112598
   0.0121202
   0.0119642
   0.0150378
   0.0153147
   0.0174258
   0.0179706
   0.0185474
   0.0195597
   0.0225286
   0.0233639
   0.0230491
   0.0234913
   0.0261545
   0.0254856
    0.025577
   0.0271345
   0.0271881
   0.0260542
   0.0282722
   0.0276352
   0.0254905
   0.0214622
   0.0228156
   0.0194271
   0.0168574
   0.0184346
   0.0180877
    0.015348
   0.0146125
   0.0145364
   0.0135849
   0.0122233
   0.0128126
   0.0126296
   0.0116179
   0.0113357
   0.0128693
   0.0124527
   0.0118735
    0.013726
   0.0157092
   0.0135896
   0.0149718
   0.0185508
    0.020291
   0.0185193
   0.0192112
   0.0222581
   0.0225977
   0.0206835
    0.017115
   0.0156043
   0.0156308
   0.0161973
   0.0154792
   0.0169504
   0.0190511
   0.0205069
    0.019179
   0.0268092
   0.0234608
   0.0193304
   0.0233215
   0.0207743
   0.0163219
   0.0168995
   0.0160374
   0.0137787
   0.0123699
   0.0125928
   0.0121811
  0.00939476
  0.00687837
  0.00548538
   0.0049307
  0.00444323
  0.00540465
  0.00576738
  0.00537545
   0.0060297
   0.0070182
  0.00690464
  0.00730875
  0.00880309
   0.0103692
   0.0104694
   0.0117778
   0.0137324
   0.0133612
   0.0136911
   0.0151698
   0.0165006
   0.0168981
   0.0167769
   0.0173564
   0.0213357
   0.0212251
   0.0211761
   0.0252221
   0.0235113
    0.031872
   0.0408251
   0.0313434
   0.0559767
   0.0587257
   0.0883558
   0.0970622
    0.103156
    0.103156
    0.103156
   0.0717367
   0.0806865
   0.0736271
    0.054108
   0.0438066
   0.0389061
   0.0245101
   0.0197421
   0.0161058
   0.0151322
   0.0139431
   0.0127107
   0.0145656
   0.0173211
   0.0195224
   0.0154873
   0.0116933
   0.0144404
   0.0170445
  0.00998813
  0.00680601
  0.00739494
  0.00781625
  0.00507338
  0.00320099
  0.00259238
  0.00253159
  0.00304496
  0.00219479
  0.00171352
  0.00199145
  0.00269733
  0.00273851
  0.00276275
  0.00207885
  0.00199431
  0.00265496
  0.00295941
  0.00295654
  0.00348238
  0.00444049
   0.0045815
  0.00492581
  0.00724244
  0.00680138
  0.00715882
  0.00951417
   0.0106247
  0.00924905
   0.0103282
   0.0132835
   0.0142303
   0.0143408
   0.0111662
   0.0121152
   0.0151533
   0.0152383
   0.0125108
   0.0139424
   0.0155282
   0.0150124
   0.0157073
   0.0165235
   0.0169292
   0.0166069
   0.0175594
   0.0181269
   0.0180333
   0.0166516
   0.0167403
   0.0170247
   0.0150294
   0.0147032
       0.015
   0.0135707
   0.0124311
   0.0121348
   0.0121901
   0.0104435
  0.00902684
  0.00989582
  0.00851004
  0.00677977
  0.00771535
  0.00823261
   0.0104096
   0.0106602
   0.0117107
   0.0133063
   0.0158736
   0.0145638
   0.0142997
   0.0161923
   0.0191464
   0.0175478
   0.0173068
   0.0202538
   0.0220694
   0.0199844
   0.0205945
   0.0235561
   0.0238433
   0.0200763
   0.0210091
   0.0218436
   0.0234146
   0.0227466
   0.0225703
   0.0201191
   0.0187939
   0.0189654
   0.0169208
   0.0163341
   0.0142096
   0.0143515
   0.0126405
   0.0119616
   0.0111317
   0.0105134
   0.0105061
   0.0100241
   0.0086238
  0.00776392
  0.00803155
   0.0077246
  0.00756458
  0.00576156
  0.00483474
  0.00495006
  0.00406607
  0.00422708
  0.00439651
  0.00335421
  0.00319759
  0.00446838
  0.00449872
   0.0036608
  0.00430434
  0.00578577
  0.00562633
  0.00514793
   0.0062058
  0.00795911
  0.00820001
  0.00906738
   0.0128185
   0.0137304
  0.00823374
  0.00851923
  0.00743243
  0.00552414
   0.0051343
  0.00442455
  0.00401977
  0.00468913
  0.00616334
  0.00655853
  0.00656065
  0.00813203
  0.00924372
  0.00760229
   0.0079635
  0.00883478
  0.00937642
  0.00956656
    0.010058
   0.0107194
    0.011123
   0.0122929
   0.0126793
   0.0129017
   0.0139942
   0.0154095
   0.0158736
   0.0169465
   0.0183665
   0.0195857
   0.0184411
   0.0209074
   0.0225066
   0.0222647
   0.0210136
   0.0233166
    0.024984
   0.0271457
   0.0285148
   0.0280492
   0.0273197
   0.0299236
   0.0304189
   0.0284896
   0.0287218
   0.0280471
   0.0292448
    0.026454
   0.0251377
   0.0253764
   0.0248838
   0.0219244
   0.0211415
   0.0204597
    0.017018
   0.0159635
   0.0163973
   0.0182192
    0.021942
   0.0200247
   0.0173563
   0.0190183
   0.0210457
   0.0182416
   0.0176784
   0.0205422
   0.0196941
   0.0179086
   0.0183721
   0.0185437
   0.0168691
   0.0156184
   0.0177608
   0.0174244
   0.0152068
   0.0168999
   0.0212469
   0.0232037
   0.0217633
   0.0313959
   0.0357523
   0.0390437
   0.0420058
    0.045199
   0.0483989
   0.0512783
   0.0520337
   0.0490927
   0.0410524
   0.0341382
   0.0439377
   0.0455886
   0.0456126
   0.0594005
   0.0536571
   0.0500041
   0.0523847
   0.0429313
   0.0422605
   0.0390199
    0.034874
   0.0217294
   0.0206135
   0.0134933
  0.00953709
  0.00705883
    0.006604
  0.00436206
  0.00562765
  0.00754856
  0.00522635
  0.00574158
  0.00829418
  0.00957105
  0.00902227
  0.00941718
   0.0126036
   0.0144047
   0.0132138
   0.0140973
   0.0166996
   0.0164977
   0.0153038
   0.0161585
   0.0192461
   0.0185084
   0.0180093
   0.0171692
   0.0140505
   0.0145475
   0.0108945
  0.00846628
  0.00666743
  0.00848635
  0.00900541
  0.00569958
  0.00609945
  0.00653404
  0.00559993
  0.00435482
   0.0050874
  0.00495751
  0.00369204
  0.00371328
   0.0037554
  0.00310101
  0.00362423
   0.0035395
  0.00297522
  0.00279368
  0.00306828
  0.00376948
  0.00313076
  0.00278998
  0.00427619
  0.00424278
  0.00331812
  0.00423081
  0.00544212
  0.00596966
  0.00554886
  0.00788023
  0.00807869
  0.00828839
   0.0102223
    0.011775
   0.0121306
   0.0128184
   0.0101236
   0.0127543
   0.0148741
   0.0129172
   0.0128235
   0.0164985
   0.0163956
   0.0144674
   0.0158745
   0.0173059
   0.0183158
   0.0182657
   0.0190685
   0.0213065
    0.022549
   0.0223908
   0.0202988
    0.020182
   0.0196603
    0.018291
   0.0196612
   0.0177807
    0.015168
   0.0154254
    0.015433
   0.0124485
   0.0109412
   0.0108192
   0.0109587
  0.00933013
  0.00977276
   0.0104812
  0.00976472
  0.00939497
   0.0110959
   0.0112069
  0.00832259
  0.00802127
  0.00830852
  0.00680277
  0.00473856
  0.00483388
  0.00709462
  0.00620401
  0.00485125
  0.00540613
  0.00669615
  0.00669059
  0.00740456
    0.008791
  0.00930848
  0.00959139
   0.0110684
   0.0125177
   0.0141245
    0.013001
   0.0153779
   0.0163691
   0.0167454
   0.0152884
   0.0141449
   0.0100586
  0.00953669
   0.0122214
    0.010411
  0.00725503
  0.00818263
   0.0102573
  0.00861396
  0.00771633
   0.0092463
  0.00944483
   0.0086578
  0.00923611
   0.0100301
      0.0104
   0.0100297
    0.012247
   0.0134327
   0.0141061
   0.0119002
   0.0125379
   0.0129536
    0.016758
   0.0179087
   0.0191595
   0.0208348
   0.0198218
   0.0197873
   0.0232595
   0.0238132
   0.0224935
   0.0231588
   0.0267643
   0.0257245
   0.0263586
   0.0279668
   0.0284033
   0.0280368
    0.031107
   0.0300333
   0.0276018
   0.0229967
   0.0246707
   0.0199676
   0.0180721
   0.0186064
   0.0185694
   0.0159623
   0.0149512
   0.0150575
   0.0135321
   0.0120259
   0.0127588
   0.0125275
   0.0115513
   0.0111001
   0.0122968
   0.0116381
   0.0112167
    0.012916
   0.0150582
   0.0129145
   0.0143712
   0.0179823
   0.0192149
   0.0181476
   0.0186163
   0.0213232
   0.0219252
    0.020725
   0.0169277
   0.0187422
   0.0166108
   0.0169646
   0.0166531
   0.0166766
   0.0201762
   0.0224452
   0.0206628
