   0.0596868
    0.079541
   0.0535793
   0.0327658
   0.0551449
   0.0494971
   0.0271623
   0.0262857
   0.0266302
   0.0185397
   0.0154078
   0.0175117
   0.0221537
    0.014892
   0.0135092
   0.0115884
  0.00830152
   0.0110586
   0.0122397
    0.010148
   0.0108204
   0.0122111
   0.0138078
   0.0123011
   0.0134822
   0.0164883
   0.0203199
   0.0186303
   0.0216288
   0.0285557
    0.025495
   0.0241602
   0.0308491
   0.0331172
   0.0349009
   0.0330404
   0.0360812
   0.0492663
   0.0435188
   0.0382523
   0.0331437
   0.0255888
   0.0284061
   0.0407461
   0.0289889
   0.0460837
   0.0521474
   0.0727473
    0.109174
    0.109174
    0.103123
    0.103123
   0.0830554
   0.0830554
    0.074536
   0.0651575
   0.0497928
   0.0390608
   0.0260381
   0.0263898
    0.025541
   0.0278206
   0.0275386
   0.0309574
   0.0404478
   0.0564112
   0.0650982
   0.0519231
   0.0346521
   0.0528462
   0.0572936
   0.0398717
   0.0322954
   0.0460615
   0.0433448
   0.0297873
   0.0219538
   0.0214772
   0.0227373
   0.0150455
   0.0121841
   0.0134081
   0.0119698
  0.00890529
  0.00582815
  0.00507116
  0.00698746
  0.00553858
  0.00392193
  0.00392915
  0.00569902
  0.00503768
  0.00461708
  0.00686978
   0.0101541
  0.00776899
  0.00689398
   0.0114998
   0.0124751
   0.0106068
  0.00752108
   0.0130239
   0.0149756
   0.0131305
   0.0126485
  0.00716001
  0.00644309
    0.011237
   0.0081367
  0.00702312
  0.00863321
    0.010377
   0.0101585
    0.010283
   0.0115496
   0.0129589
   0.0126213
   0.0138328
   0.0128383
   0.0141467
   0.0125045
   0.0110661
   0.0107715
   0.0103135
   0.0103131
  0.00871732
  0.00806472
  0.00779574
   0.0069442
  0.00630591
  0.00558073
   0.0041196
  0.00480042
    0.003682
   0.0029298
  0.00419385
  0.00347263
  0.00474084
  0.00487494
  0.00549472
  0.00604867
  0.00764658
  0.00789601
  0.00741729
  0.00820239
   0.0113906
   0.0105801
   0.0101296
   0.0126206
   0.0150364
   0.0126861
   0.0132335
   0.0173406
   0.0161851
   0.0131892
   0.0136211
   0.0161552
    0.016287
     0.01517
   0.0144871
   0.0123902
   0.0108714
   0.0111839
  0.00907562
   0.0095371
   0.0076778
  0.00706967
  0.00634564
  0.00655707
  0.00523664
  0.00425634
  0.00463324
  0.00486917
  0.00338902
  0.00277414
  0.00327066
  0.00392203
  0.00399996
  0.00305225
  0.00261208
  0.00256804
  0.00290743
  0.00211672
  0.00233657
  0.00301566
  0.00328215
  0.00290589
  0.00303047
  0.00387864
  0.00485772
  0.00401986
  0.00441148
  0.00549716
  0.00577743
  0.00577759
  0.00648906
  0.00769349
  0.00889801
  0.00810694
  0.00710455
  0.00728246
  0.00576438
  0.00413246
  0.00328133
  0.00317466
  0.00297137
  0.00294234
  0.00302917
  0.00281564
  0.00319214
  0.00457265
  0.00447708
  0.00363463
  0.00470901
  0.00578617
  0.00509863
   0.0056992
  0.00741946
  0.00821321
  0.00741488
  0.00877384
   0.0106679
  0.00994296
     0.01028
   0.0120892
   0.0115574
   0.0112776
   0.0134744
   0.0152642
   0.0120931
   0.0140545
   0.0158119
   0.0158668
   0.0184251
   0.0173945
    0.019879
   0.0245434
   0.0227494
   0.0239643
   0.0218786
   0.0283729
   0.0251958
    0.025272
   0.0219076
   0.0299544
   0.0355273
   0.0298828
    0.021936
   0.0286971
   0.0330585
   0.0217648
   0.0234527
     0.02965
   0.0185211
   0.0164907
   0.0182788
   0.0245171
    0.026953
   0.0236168
   0.0182956
   0.0220014
   0.0243572
   0.0208981
   0.0178856
   0.0234539
   0.0218292
   0.0198238
   0.0201721
   0.0215064
   0.0186083
   0.0168415
   0.0200506
   0.0197468
   0.0167668
   0.0198223
   0.0260194
   0.0314272
   0.0280075
   0.0409066
   0.0495782
   0.0542357
   0.0571857
   0.0625745
    0.067188
   0.0711514
   0.0729591
   0.0705594
   0.0697127
   0.0602337
   0.0604738
   0.0632776
   0.0709958
   0.0862887
   0.0773887
    0.073024
   0.0680119
   0.0574721
   0.0479289
   0.0387474
   0.0486722
   0.0390316
   0.0300059
   0.0145274
   0.0115982
   0.0114956
  0.00721991
  0.00452183
  0.00716674
  0.00840686
    0.004619
  0.00642297
  0.00842199
   0.0104562
  0.00852881
   0.0102852
   0.0138507
    0.015367
   0.0142012
   0.0181404
    0.018753
   0.0185473
   0.0187778
    0.022665
   0.0219436
   0.0214546
   0.0232772
   0.0203575
   0.0231298
   0.0276829
   0.0315186
   0.0352551
   0.0394329
   0.0366256
    0.023856
   0.0304556
   0.0367198
   0.0224209
   0.0185576
   0.0238439
   0.0215275
   0.0137147
   0.0168501
   0.0224704
   0.0218234
   0.0150483
   0.0208578
   0.0153507
   0.0133688
   0.0134455
   0.0126893
  0.00996887
  0.00959325
   0.0121882
   0.0107982
  0.00910702
   0.0102017
   0.0125647
   0.0104214
  0.00827237
   0.0115797
    0.013732
   0.0110067
  0.00984338
    0.015157
   0.0184521
   0.0147429
   0.0170412
   0.0105153
   0.0124545
   0.0152681
   0.0111754
    0.010536
   0.0135491
   0.0153888
   0.0125551
   0.0138971
   0.0171935
   0.0170877
   0.0177525
   0.0190433
   0.0245591
   0.0249721
   0.0265078
   0.0195799
    0.020343
   0.0173023
   0.0168451
   0.0187543
   0.0162743
   0.0115225
   0.0115194
   0.0111931
   0.0062148
  0.00532243
  0.00507349
  0.00542274
  0.00395888
  0.00466877
  0.00584382
  0.00630741
  0.00561851
  0.00962621
   0.0121426
  0.00810387
  0.00513965
  0.00558422
  0.00308268
  0.00439119
  0.00662625
  0.00511095
  0.00386307
   0.0059117
  0.00655548
  0.00439856
  0.00471603
  0.00643256
  0.00698769
  0.00570579
  0.00625664
  0.00819554
   0.0101079
   0.0103997
   0.0090767
   0.0118047
    0.013512
   0.0135945
   0.0107413
  0.00934622
  0.00608631
  0.00538689
   0.0071045
   0.0056961
  0.00349676
  0.00333904
  0.00517876
   0.0033256
  0.00265224
  0.00377289
  0.00406783
  0.00360568
  0.00355778
  0.00445696
  0.00500899
  0.00457028
  0.00587235
  0.00841258
   0.0105888
  0.00950642
   0.0111212
  0.00742035
   0.0100961
  0.00857521
   0.0117908
   0.0106246
   0.0105807
   0.0116558
   0.0178088
   0.0176534
   0.0158667
   0.0166075
    0.023063
   0.0200025
   0.0195222
   0.0225125
   0.0267165
   0.0279068
   0.0413269
   0.0457212
   0.0326859
   0.0229684
   0.0264158
   0.0145759
   0.0133334
   0.0176883
   0.0127491
  0.00961073
  0.00994433
   0.0100021
  0.00767744
  0.00704122
  0.00844633
  0.00842189
  0.00669232
    0.006043
  0.00893767
  0.00827736
   0.0068172
  0.00840828
   0.0112383
  0.00897543
   0.0100557
   0.0147489
   0.0174903
   0.0149407
   0.0158489
   0.0204106
    0.020987
   0.0181404
    0.013308
   0.0116933
   0.0119755
   0.0124938
   0.0118503
   0.0132134
   0.0160621
   0.0188898
   0.0166213
