    0.106051
   0.0611374
   0.0660257
   0.0368989
   0.0148181
   0.0134348
   0.0193325
   0.0180537
   0.0120511
   0.0140204
   0.0158887
    0.013122
   0.0134189
   0.0174562
   0.0176146
   0.0201379
   0.0243254
   0.0262646
   0.0252759
   0.0254993
   0.0295491
   0.0299099
   0.0283674
   0.0277779
   0.0320487
   0.0330696
   0.0316194
   0.0269577
    0.028013
   0.0325922
   0.0417311
   0.0345359
    0.054968
   0.0493673
   0.0697027
   0.0676204
   0.0602045
   0.0501871
   0.0277059
   0.0259928
   0.0238443
   0.0266054
   0.0273639
   0.0281094
   0.0323696
   0.0345204
    0.043386
   0.0391645
   0.0310445
   0.0388631
   0.0381163
   0.0321559
   0.0258646
   0.0335485
   0.0281711
   0.0208062
   0.0170527
   0.0158722
   0.0158895
   0.0125225
    0.010452
   0.0109677
   0.0112604
  0.00805549
  0.00559916
  0.00441731
  0.00633433
  0.00598358
  0.00448271
   0.0044601
  0.00641005
  0.00654519
  0.00567961
  0.00651217
  0.00921048
  0.00891446
  0.00743343
   0.0094023
   0.0120464
   0.0104402
  0.00802213
   0.0116866
   0.0135448
   0.0105898
   0.0116932
  0.00694335
  0.00643411
  0.00822886
  0.00924656
  0.00742328
  0.00805171
   0.0113737
   0.0139089
   0.0122336
   0.0157882
   0.0239519
   0.0205166
   0.0261643
   0.0221534
   0.0323289
   0.0229765
   0.0154102
   0.0116502
   0.0114746
   0.0145709
  0.00885464
  0.00699495
  0.00676517
  0.00667564
  0.00532895
  0.00436404
  0.00400483
  0.00387233
   0.0027634
  0.00244765
  0.00365445
  0.00357313
  0.00421227
  0.00455003
  0.00459501
   0.0053411
  0.00631685
  0.00686188
  0.00641749
  0.00710339
  0.00925024
   0.0091643
  0.00944379
   0.0121479
   0.0147773
   0.0131673
   0.0142639
   0.0181485
   0.0194565
   0.0175165
   0.0244715
   0.0193667
   0.0198352
   0.0152214
   0.0118828
   0.0119587
  0.00999006
   0.0092757
  0.00785365
  0.00768658
  0.00670418
  0.00609039
  0.00548892
  0.00503142
  0.00453005
  0.00444162
  0.00454032
  0.00404587
  0.00324182
  0.00274217
  0.00331332
  0.00320467
   0.0038028
  0.00282049
  0.00245877
  0.00284508
  0.00292651
  0.00197093
  0.00230128
  0.00309783
  0.00337662
  0.00264896
  0.00323671
  0.00391195
  0.00459362
  0.00411778
  0.00485013
  0.00578268
  0.00592145
  0.00640668
  0.00691651
  0.00855895
   0.0112887
  0.00893005
  0.00830803
  0.00868933
  0.00664233
  0.00501058
  0.00404213
  0.00372137
  0.00306768
  0.00355847
  0.00376337
  0.00361783
  0.00415392
  0.00559826
  0.00587475
  0.00371143
  0.00455972
  0.00551398
  0.00476383
  0.00441726
  0.00530381
  0.00554249
  0.00488638
  0.00641595
  0.00717335
  0.00631405
  0.00655772
  0.00840592
  0.00831654
  0.00747579
  0.00913534
   0.0110482
   0.0118736
    0.011794
   0.0107783
   0.0140326
    0.018555
   0.0200773
   0.0204082
   0.0264275
   0.0376549
   0.0466951
   0.0756081
   0.0350462
   0.0438428
   0.0278392
   0.0237124
   0.0250854
   0.0171717
    0.015309
   0.0117677
  0.00840204
  0.00902856
     0.01037
   0.0120208
   0.0175372
    0.021707
   0.0235979
   0.0205597
   0.0186635
   0.0258332
   0.0236097
   0.0203843
   0.0237833
   0.0259129
   0.0210093
   0.0203165
   0.0280447
   0.0285784
   0.0207169
    0.028259
   0.0340985
    0.033622
   0.0288697
   0.0388106
    0.045347
   0.0439779
   0.0448916
   0.0508555
   0.0543066
   0.0558709
   0.0555104
   0.0529912
   0.0511303
   0.0419602
   0.0485745
   0.0483146
   0.0563809
   0.0638351
   0.0557174
   0.0532979
   0.0503734
    0.044485
   0.0384334
   0.0341205
   0.0397142
   0.0368166
   0.0278658
   0.0197181
   0.0151078
   0.0105728
  0.00702876
  0.00438507
  0.00531615
  0.00690989
  0.00525262
  0.00628534
  0.00794995
   0.0107723
  0.00878587
   0.0102498
   0.0131786
    0.013913
   0.0127596
   0.0149753
   0.0174767
   0.0169497
   0.0168692
   0.0200333
   0.0209798
    0.019026
    0.021717
   0.0189233
    0.018969
   0.0235134
   0.0234727
   0.0238374
   0.0243296
    0.019299
    0.016798
   0.0186536
   0.0176734
   0.0138483
   0.0125607
    0.014892
   0.0144149
   0.0115504
   0.0116657
   0.0150672
   0.0129666
   0.0118183
   0.0133913
   0.0141445
  0.00909762
   0.0102352
   0.0119235
   0.0105628
  0.00848672
   0.0111138
   0.0113655
  0.00878722
  0.00939848
   0.0119101
   0.0107833
  0.00822504
   0.0101433
    0.016358
   0.0114213
   0.0100766
   0.0170509
   0.0190029
    0.016837
   0.0179071
    0.010743
   0.0138124
   0.0164384
   0.0129918
   0.0125015
   0.0171015
    0.020824
   0.0180587
   0.0186781
   0.0262037
   0.0358845
   0.0283262
   0.0284307
    0.048475
   0.0511604
   0.0488894
   0.0383642
   0.0331831
    0.016004
   0.0131251
   0.0156359
   0.0159116
  0.00831093
  0.00806828
  0.00888803
  0.00627412
  0.00569149
  0.00574249
  0.00618711
  0.00446783
  0.00516493
  0.00630522
  0.00575598
   0.0055654
  0.00725789
   0.0117253
  0.00722699
  0.00589332
  0.00507121
  0.00284035
  0.00412757
  0.00725991
  0.00446485
  0.00325474
  0.00518246
  0.00607575
  0.00410921
  0.00448053
  0.00660381
  0.00760763
  0.00716465
  0.00603858
   0.0091536
   0.0131531
   0.0109952
  0.00994147
   0.0153889
   0.0164973
   0.0134059
  0.00894917
  0.00767614
  0.00512857
  0.00380481
  0.00576287
  0.00522515
  0.00350075
  0.00425857
  0.00586926
  0.00370205
   0.0031917
   0.0046743
  0.00476792
  0.00384038
  0.00394615
   0.0046657
  0.00530023
  0.00560676
  0.00695909
  0.00909336
   0.0103203
   0.0126801
   0.0111464
  0.00917056
   0.0131444
  0.00950217
   0.0117742
   0.0175385
   0.0152028
   0.0114328
   0.0188509
   0.0204941
   0.0133033
   0.0152234
   0.0239066
   0.0191375
   0.0198223
   0.0231212
   0.0279772
   0.0326374
   0.0248817
    0.025664
   0.0204518
   0.0205715
   0.0254402
   0.0149887
   0.0151341
   0.0170905
   0.0117649
  0.00854186
  0.00896603
  0.00773798
  0.00628974
  0.00613721
  0.00696738
  0.00625686
  0.00549014
  0.00601931
  0.00811057
  0.00759829
  0.00657141
  0.00816202
    0.012798
   0.0111149
   0.0100329
   0.0152307
   0.0222164
   0.0184755
   0.0169073
   0.0255951
   0.0382734
   0.0326379
   0.0230041
   0.0117481
   0.0079602
  0.00607126
  0.00641663
