   0.0105216
  0.00837304
  0.00829075
  0.00638186
  0.00496501
  0.00474899
  0.00596136
  0.00579214
  0.00529823
  0.00598991
   0.0077613
    0.007444
  0.00799821
   0.0111098
   0.0114704
   0.0139149
   0.0149056
   0.0176102
   0.0176185
   0.0177048
    0.019802
   0.0215881
   0.0224983
   0.0208399
   0.0231606
   0.0262352
   0.0252117
   0.0240873
    0.025934
   0.0279901
   0.0312326
   0.0273683
   0.0352457
   0.0310423
   0.0391344
   0.0401971
   0.0381118
   0.0354257
   0.0251733
    0.023897
    0.020909
   0.0189066
   0.0174139
   0.0153004
   0.0164945
   0.0166339
   0.0196705
   0.0172869
   0.0144407
    0.016674
   0.0175466
   0.0133754
   0.0106502
   0.0102681
  0.00996146
  0.00657317
   0.0039613
  0.00280486
  0.00275987
  0.00387224
  0.00260195
  0.00195944
   0.0022623
  0.00293996
  0.00310394
  0.00302602
   0.0023968
  0.00209977
  0.00252903
  0.00291999
  0.00292623
  0.00338446
  0.00441411
  0.00468589
  0.00532823
  0.00735844
  0.00677343
  0.00671934
  0.00937564
  0.00979783
  0.00856565
  0.00978259
   0.0126283
   0.0119686
   0.0129285
   0.0093511
   0.0101051
   0.0116466
   0.0119068
   0.0108983
   0.0119172
   0.0124555
   0.0132996
   0.0141351
   0.0154347
   0.0159654
   0.0163746
   0.0179903
   0.0189386
    0.018093
   0.0168595
   0.0165548
   0.0159045
   0.0146092
   0.0145727
    0.013823
   0.0127598
   0.0115787
   0.0110019
   0.0110167
  0.00992659
  0.00894892
   0.0088716
   0.0074776
  0.00574837
  0.00656775
  0.00668548
  0.00901701
  0.00896772
   0.0100701
   0.0115581
   0.0124673
   0.0125901
   0.0125053
   0.0144298
   0.0169798
   0.0163666
   0.0166978
   0.0201733
   0.0219005
   0.0201504
   0.0214522
   0.0242183
   0.0251578
   0.0234926
   0.0273498
   0.0245388
   0.0246052
   0.0225953
   0.0200354
   0.0198999
   0.0178847
   0.0173734
   0.0158482
   0.0150283
   0.0135987
   0.0132772
   0.0123995
   0.0113395
   0.0106585
   0.0106073
   0.0109161
   0.0101399
  0.00889739
  0.00804717
  0.00838139
  0.00778568
  0.00787558
  0.00594813
  0.00503746
   0.0041473
  0.00354413
  0.00446506
  0.00492912
   0.0035948
  0.00349834
  0.00513354
  0.00509091
  0.00400641
  0.00489176
  0.00599817
  0.00600193
  0.00620504
  0.00736846
  0.00841795
  0.00813114
  0.00996807
   0.0126514
   0.0100187
  0.00894499
  0.00900877
  0.00794939
  0.00639213
  0.00618409
  0.00532267
  0.00464919
  0.00559231
  0.00700062
  0.00725516
  0.00756213
  0.00886538
  0.00954665
  0.00819517
  0.00852951
  0.00980004
  0.00983989
  0.00950144
   0.0102232
   0.0108898
   0.0107946
   0.0117606
   0.0126081
   0.0124449
   0.0131895
   0.0140039
   0.0149713
   0.0150323
   0.0166558
   0.0181409
   0.0188951
   0.0193256
   0.0188642
   0.0210115
   0.0234136
   0.0239252
   0.0244798
   0.0269028
   0.0300689
   0.0325844
    0.037769
   0.0306835
    0.033541
   0.0291238
   0.0274743
   0.0277806
    0.023326
   0.0213639
   0.0184714
   0.0144685
   0.0135626
   0.0140045
   0.0149893
   0.0190743
   0.0224834
   0.0238319
   0.0205778
   0.0192819
   0.0249692
   0.0226056
   0.0197839
   0.0220721
   0.0229719
   0.0197265
   0.0186344
   0.0229364
   0.0228253
   0.0181015
   0.0217811
   0.0249513
   0.0246017
   0.0210246
   0.0265951
     0.02945
   0.0258696
   0.0282143
   0.0322581
    0.034201
   0.0356089
   0.0326231
   0.0296363
   0.0236318
   0.0215722
   0.0293058
   0.0288506
   0.0296796
   0.0427044
   0.0367369
   0.0332791
   0.0316561
   0.0282196
   0.0250951
   0.0224341
   0.0233301
   0.0181684
   0.0169417
   0.0133432
   0.0103994
  0.00681577
  0.00604574
   0.0043666
  0.00435966
  0.00638568
  0.00555243
  0.00610064
  0.00748302
   0.0108059
   0.0088311
  0.00929573
   0.0129887
   0.0139076
   0.0123073
   0.0128347
   0.0165708
   0.0168605
   0.0154118
   0.0168122
   0.0196584
    0.018524
   0.0197265
   0.0164113
    0.013965
   0.0172557
   0.0160641
   0.0113996
  0.00874265
   0.0110081
   0.0108143
  0.00705409
  0.00725072
  0.00802832
  0.00606335
  0.00511203
    0.005855
  0.00528856
  0.00412318
  0.00428711
  0.00430294
  0.00389615
  0.00409899
  0.00445087
  0.00329959
  0.00321948
   0.0038819
  0.00402323
  0.00337644
   0.0033743
  0.00483198
  0.00429911
  0.00381118
  0.00504475
  0.00646668
  0.00662122
  0.00661021
    0.010075
     0.01017
  0.00981961
   0.0126849
   0.0155291
   0.0160069
    0.016649
   0.0117858
   0.0152153
   0.0176921
   0.0142047
   0.0140891
   0.0177791
   0.0188453
   0.0166196
   0.0169346
   0.0197394
   0.0224069
   0.0202318
   0.0203048
   0.0253413
   0.0263353
   0.0261803
   0.0243314
    0.023538
   0.0176419
   0.0169677
   0.0183822
   0.0168979
   0.0135874
   0.0136384
   0.0143918
   0.0120474
   0.0116397
   0.0115537
   0.0118507
  0.00981359
   0.0103823
   0.0108842
  0.00978794
  0.00981225
    0.010433
  0.00939335
  0.00764811
   0.0085994
   0.0072417
  0.00676092
  0.00443328
  0.00454592
   0.0062517
  0.00591665
   0.0046197
  0.00581001
   0.0066703
  0.00686604
  0.00783186
  0.00946339
  0.00976073
  0.00878603
   0.0114176
   0.0140566
   0.0131642
   0.0124116
   0.0163278
   0.0161507
   0.0147254
    0.012715
   0.0110174
  0.00864301
  0.00760915
   0.0106068
   0.0100451
  0.00797312
  0.00946286
   0.0115938
   0.0091128
    0.008724
   0.0105908
   0.0106521
  0.00915848
  0.00982352
   0.0108343
   0.0110014
   0.0107348
    0.012323
   0.0131858
   0.0123465
   0.0132876
   0.0112002
   0.0112367
   0.0127829
   0.0129583
   0.0142255
   0.0159536
   0.0163597
   0.0160488
   0.0184965
   0.0203069
    0.018823
   0.0202573
    0.022606
   0.0231445
   0.0249031
   0.0238694
   0.0235644
   0.0245717
   0.0214268
   0.0203412
   0.0172873
   0.0171517
   0.0191921
   0.0165725
   0.0158224
   0.0168446
   0.0164219
    0.014295
   0.0139755
   0.0147289
   0.0134426
   0.0124092
   0.0129635
   0.0127182
   0.0118766
   0.0119457
   0.0132934
   0.0128249
   0.0120832
   0.0132771
   0.0155249
    0.014209
   0.0139473
   0.0170715
   0.0189931
   0.0170793
    0.017042
   0.0206502
   0.0230349
   0.0212388
   0.0173095
   0.0122443
   0.0105616
  0.00851289
  0.00753249
  0.00708713
  0.00612466
  0.00485991
  0.00509717
  0.00612439
  0.00602468
  0.00569205
   0.0063742
  0.00873072
  0.00831723
  0.00879605
   0.0113194
   0.0130275
   0.0143112
   0.0150674
   0.0179739
   0.0172231
   0.0176753
   0.0198546
    0.021758
    0.022533
   0.0207617
   0.0241917
   0.0263535
   0.0253004
   0.0241279
   0.0252735
   0.0266524
   0.0331344
   0.0282615
   0.0310713
   0.0355159
   0.0426167
   0.0405416
   0.0384377
   0.0351721
   0.0268855
   0.0238396
   0.0207023
   0.0194952
   0.0172117
   0.0150124
   0.0162449
    0.016973
   0.0186041
   0.0170563
   0.0141805
   0.0164744
   0.0175746
   0.0132613
   0.0101761
   0.0102331
   0.0103435
  0.00669284
  0.00400688
  0.00297676
  0.00299315
  0.00391036
  0.00268117
   0.0020433
  0.00233273
  0.00304234
  0.00309149
  0.00312856
  0.00244657
  0.00216006
  0.00258123
  0.00296684
  0.00295599
  0.00312678
  0.00433048
  0.00457693
  0.00531858
  0.00709841
  0.00643724
   0.0064232
  0.00852189
   0.0095662
  0.00768878
  0.00964631
   0.0121441
   0.0113324
   0.0122573
  0.00819022
  0.00913774
   0.0109172
   0.0111493
    0.010732
   0.0114109
   0.0144924
   0.0124606
   0.0139277
   0.0179184
   0.0158816
      0.0159
   0.0142205
   0.0143734
   0.0140546
   0.0133047
   0.0120488
   0.0117697
   0.0117492
   0.0107781
  0.00979325
  0.00961632
  0.00816223
  0.00632731
  0.00637154
  0.00681736
  0.00925683
  0.00917116
   0.0104517
   0.0124829
   0.0128888
   0.0114476
   0.0125261
   0.0152979
   0.0178303
   0.0168655
   0.0167022
   0.0207223
   0.0241407
   0.0239639
   0.0246026
   0.0266188
   0.0325834
   0.0331212
   0.0350952
   0.0296707
   0.0271159
   0.0232135
   0.0212021
   0.0211191
   0.0193014
   0.0178218
   0.0166886
   0.0159164
   0.0144071
   0.0139988
   0.0132996
   0.0122838
   0.0116614
   0.0118927
   0.0119987
   0.0110436
  0.00981783
  0.00878193
  0.00894287
  0.00836436
  0.00834566
   0.0063442
  0.00527599
  0.00430918
  0.00367736
  0.00487893
  0.00514091
  0.00371989
  0.00370232
  0.00521421
  0.00545056
  0.00409465
  0.00481162
  0.00597745
  0.00633698
  0.00635408
  0.00742915
  0.00828652
   0.0080696
  0.00982926
   0.0120553
  0.00927029
  0.00891553
  0.00940763
  0.00790111
  0.00648696
  0.00574424
  0.00539465
  0.00468456
  0.00573904
  0.00674936
  0.00730286
  0.00766948
   0.0089862
  0.00956269
  0.00838539
  0.00882662
  0.00997451
   0.0102397
   0.0101333
   0.0110116
   0.0115184
   0.0117914
   0.0125314
   0.0134612
   0.0135151
   0.0141727
   0.0151637
   0.0158667
   0.0171342
   0.0179384
   0.0185729
   0.0200273
   0.0199282
   0.0193232
   0.0220445
   0.0245905
   0.0260399
   0.0268508
   0.0308949
   0.0364084
   0.0421579
   0.0505334
   0.0426703
   0.0441152
   0.0438273
   0.0383901
   0.0363466
   0.0318437
   0.0319236
   0.0296797
   0.0273834
    0.028471
   0.0248196
   0.0296013
   0.0262394
   0.0278808
   0.0272856
   0.0225905
   0.0215046
   0.0270492
   0.0245868
   0.0211119
   0.0238103
   0.0236519
   0.0213531
   0.0203428
   0.0242233
   0.0242233
   0.0193501
   0.0226712
   0.0241634
   0.0247283
   0.0210104
   0.0277348
   0.0275056
   0.0267643
   0.0288433
   0.0330737
   0.0349993
   0.0379065
   0.0335853
   0.0304338
   0.0239645
   0.0231333
   0.0304506
   0.0313495
   0.0312226
   0.0509196
   0.0392522
   0.0351111
   0.0367429
   0.0307348
   0.0254496
   0.0227961
   0.0231553
   0.0182785
   0.0161899
   0.0117527
  0.00796329
  0.00658766
  0.00573852
  0.00431713
  0.00426775
  0.00612245
  0.00542848
  0.00574531
  0.00714955
   0.0107556
  0.00836068
  0.00904395
   0.0128736
   0.0146003
   0.0124349
   0.0131423
   0.0177995
   0.0187488
   0.0162972
   0.0171201
    0.021265
   0.0201013
    0.020655
   0.0164991
   0.0143085
   0.0172894
   0.0149337
   0.0113347
  0.00873739
    0.010792
   0.0106246
   0.0068799
  0.00689364
  0.00821209
  0.00597169
  0.00499187
   0.0056166
  0.00505573
  0.00409455
  0.00427995
  0.00425938
  0.00381207
   0.0042071
  0.00463115
  0.00344653
  0.00348492
  0.00401732
  0.00415327
  0.00344616
  0.00349528
  0.00494346
  0.00457165
  0.00394459
  0.00521516
  0.00670805
  0.00642389
  0.00637369
  0.00933917
   0.0101688
  0.00995763
   0.0121389
   0.0155553
   0.0154951
   0.0163926
   0.0116447
   0.0143631
   0.0172214
   0.0147187
   0.0146582
   0.0183569
   0.0202157
   0.0178026
   0.0188262
   0.0231899
   0.0253018
   0.0243126
   0.0237704
   0.0315102
   0.0349757
   0.0341037
   0.0278146
   0.0237362
   0.0182128
   0.0164655
   0.0181691
   0.0155515
   0.0134258
   0.0134612
   0.0139575
   0.0119116
   0.0117317
   0.0121374
   0.0116284
   0.0102563
   0.0111662
   0.0116456
   0.0111662
   0.0105815
   0.0118268
   0.0116025
   0.0080232
  0.00967965
  0.00854203
  0.00740732
  0.00458571
  0.00466118
  0.00705418
  0.00604311
  0.00483011
  0.00583223
  0.00688705
  0.00716615
  0.00822498
  0.00958824
   0.0101926
  0.00963676
   0.0113474
   0.0146532
   0.0133099
   0.0125142
   0.0168515
   0.0166629
   0.0158877
   0.0129229
   0.0109046
  0.00873337
  0.00764227
   0.0105681
   0.0101626
  0.00786811
  0.00944453
   0.0117072
  0.00937188
  0.00884998
   0.0109348
   0.0112156
   0.0101825
   0.0108226
   0.0118538
   0.0122161
    0.011982
   0.0140657
   0.0146436
   0.0139947
   0.0154243
   0.0135891
   0.0130215
   0.0150375
   0.0146706
   0.0160618
   0.0182194
   0.0181195
   0.0171726
   0.0201383
   0.0216001
   0.0193883
   0.0206996
   0.0228422
   0.0229337
   0.0228546
    0.023571
    0.024226
   0.0251371
   0.0229552
   0.0219307
   0.0191592
   0.0196751
    0.020495
   0.0179095
   0.0175986
   0.0177658
   0.0169957
   0.0155581
   0.0153303
   0.0154269
   0.0144891
   0.0137474
   0.0140287
   0.0136195
   0.0127561
    0.012598
   0.0132217
   0.0133583
   0.0123082
   0.0134168
   0.0153351
   0.0144721
    0.013974
   0.0166161
   0.0190151
   0.0164304
   0.0157673
   0.0198596
   0.0205335
   0.0199692
   0.0163715
   0.0117333
     0.01033
  0.00843078
  0.00760288
